174132
164321
167628
169611
164309
174330
164137
170817
169567
163062
164080
158037
157310
160033
155922
166330
160769
155711
160966
155710
167775
161476
157852
159466
162382
157339
161884
169566
157503
155466
156190
157701
161516
174133
166737
163673
168901
169564
159464
157307
158034
170960
163539
161448
156541
157139
157111
155712
162801
155713
155707
156540
161449
158035
157312
160596
155317
164684
174871
157702
165798
164323
174656
170342
164327
174134
166281
160182
172586
174478
156815
157510
164858
169549
164051
158582
155918
155717
160790
157129
157698
166337
158030
157317
164050
169560
156974
155886
169819
159919
164326
174679
157936
169600
169416
155489
164052
163729
166889
157329
158581
162147
155927
174731
162190
156220
155715
162634
158580
163933
164906
169563
155339
163648
158190
155885
157923
167638
164325
164319
157788
159772
167844
174186
155174
174353
163175
171571
171203
170848
168961
162451
171411
157373
168183
162121
174743
155941
169706
173004
157603
156534
160079
171410
161993
155175
155149
159773
160899
155177
157589
171412
171406
162485
172325
174740
170268
171610
156536
157198
174027
170241
157826
174580
161614
171407
161628
155374
157588
170889
161990
155176
165937
174609
171759
155172
161599
167467
174369
157598
161994
155370
166180
166355
157611
156533
157610
155946
158286
167512
170132
157599
171576
157994
162091
157770
174156
168569
156450
166752
163158
157570
155373
162483
159373
163560
162124
155777
157160
170284
157607
174753
157439
171398
170079
167263
157203
155372
157571
170119
167471
169845
168568
167897
162079
157971
155182
163424
171791
174400
163154
157583
155343
155357
157391
171381
155237
157434
159828
159155
171394
159424
155356
171586
157569
157596
171579
163169
163431
166213
157027
172714
161754
155368
158923
174563
157392
157386
171396
171382
157345
157609
155778
157608
171383
166833
171397
159341
174238
155341
155369
163156
157787
166200
159796
174176
174610
163185
155345
171393
170933
169913
160704
163225
171392
171379
159387
157396
161624
163184
174375
157590
157584
161988
159998
174188
155152
174177
174611
174605
157974
155178
169454
156897
155352
157579
161632
157394
167519
159391
157814
172464
156539
174968
156538
157626
160707
159810
171385
166174
164993
156896
157587
157593
156855
174809
155179
174612
162716
164314
174885
165793
164102
158162
172614
168857
157331
155095
157696
163533
168300
161442
157133
174933
163240
160007
157867
155241
157442
156006
162348
155282
174264
155335
169355
167634
166528
164115
164101
155337
164698
163849
156979
162389
157326
157440
155900
165801
155097
162149
157694
157327
155242
173252
156978
164699
155450
163874
164666
164100
162029
163323
155875
157928
160160
164110
164104
158164
155285
169568
157451
155246
159468
157445
156983
155087
155093
160766
157135
167746
155092
157691
158039
157322
164071
172607
162414
169569
166128
164105
172773
170158
167815
162979
174855
170358
162984
162006
157718
169345
164107
163697
157526
160215
156002
157308
161447
157693
157136
155709
159899
155708
164270
160770
157692
163245
161452
158990
155244
156981
155287
174315
164648
155495
157296
164304
163457
